 0.00000000e+00  0.00000000e+00  0.00000000e+00  0.00000000e+00  0.00000000e+00  0.00000000e+00 
 1.00000000e-02  1.00000000e-02  1.00000000e-02  1.00000000e-02  1.00000000e-02 -3.86623998e-15 
 2.00000000e-02  2.00000000e-02  2.00000000e-02  2.00000000e-02  2.00000000e-02 -1.04111456e-14 
 3.00000000e-02  3.00000000e-02  3.00000000e-02  3.00000000e-02  3.00000000e-02 -2.00452658e-14 
 4.00000000e-02  4.00000000e-02  4.00000000e-02  4.00000000e-02  4.00000000e-02 -3.42267187e-14 
 5.00000000e-02  5.00000000e-02  5.00000000e-02  5.00000000e-02  5.00000000e-02 -5.51018587e-14 
 6.00000000e-02  6.00000000e-02  6.00000000e-02  6.00000000e-02  6.00000000e-02 -8.58301255e-14 
 7.00000000e-02  7.00000000e-02  7.00000000e-02  7.00000000e-02  7.00000000e-02 -1.31062224e-13 
 8.00000000e-02  8.00000000e-02  8.00000000e-02  8.00000000e-02  8.00000000e-02 -1.97644004e-13 
 9.00000000e-02  9.00000000e-02  9.00000000e-02  9.00000000e-02  9.00000000e-02 -2.95652578e-13 
 1.00000000e-01  1.00000000e-01  1.00000000e-01  1.00000000e-01  1.00000000e-01 -4.39921485e-13 
 1.10000000e-01  1.10000000e-01  1.10000000e-01  1.10000000e-01  1.10000000e-01 -6.52285735e-13 
 1.20000000e-01  1.20000000e-01  1.20000000e-01  1.20000000e-01  1.20000000e-01 -9.64886528e-13 
 1.30000000e-01  1.30000000e-01  1.30000000e-01  1.30000000e-01  1.30000000e-01 -1.42503581e-12 
 1.40000000e-01  1.40000000e-01  1.40000000e-01  1.40000000e-01  1.40000000e-01 -2.10237688e-12 
 1.50000000e-01  1.50000000e-01  1.50000000e-01  1.50000000e-01  1.50000000e-01 -3.09942490e-12 
 1.60000000e-01  1.60000000e-01  1.60000000e-01  1.60000000e-01  1.60000000e-01 -4.56708249e-12 
 1.70000000e-01  1.70000000e-01  1.70000000e-01  1.69999999e-01  1.70000000e-01 -6.72747870e-12 
 1.80000000e-01  1.80000000e-01  1.80000000e-01  1.79999999e-01  1.80000000e-01 -9.90758815e-12 
 1.90000000e-01  1.90000000e-01  1.90000000e-01  1.89999999e-01  1.90000000e-01 -1.45887184e-11 
 2.00000000e-01  2.00000000e-01  2.00000000e-01  1.99999998e-01  2.00000000e-01 -2.28025241e-11 
 2.10000000e-01  2.10000000e-01  2.10000000e-01  2.09999997e-01  2.10000000e-01 -3.35701005e-11 
 2.20000000e-01  2.20000000e-01  2.20000000e-01  2.19999995e-01  2.20000000e-01 -4.94200027e-11 
 2.30000000e-01  2.30000000e-01  2.30000000e-01  2.29999993e-01  2.30000000e-01 -7.27511013e-11 
 2.40000000e-01  2.40000000e-01  2.40000000e-01  2.39999989e-01  2.40000000e-01 -1.07094539e-10 
 2.50000000e-01  2.50000000e-01  2.50000000e-01  2.49999984e-01  2.50000000e-01 -1.57648162e-10 
 2.60000000e-01  2.60000000e-01  2.60000000e-01  2.59999977e-01  2.60000000e-01 -2.32063207e-10 
 2.70000000e-01  2.70000000e-01  2.70000000e-01  2.69999966e-01  2.70000000e-01 -3.41602291e-10 
 2.80000000e-01  2.80000000e-01  2.80000000e-01  2.79999950e-01  2.80000000e-01 -5.02843973e-10 
 2.90000000e-01  2.90000000e-01  2.90000000e-01  2.89999926e-01  2.90000000e-01 -7.40191834e-10 
 3.00000000e-01  3.00000000e-01  3.00000000e-01  2.99999891e-01  3.00000000e-01 -1.08956778e-09 
 3.10000000e-01  3.10000000e-01  3.10000000e-01  3.09999840e-01  3.10000000e-01 -1.60384848e-09 
 3.20000000e-01  3.20000000e-01  3.20000000e-01  3.19999764e-01  3.20000000e-01 -2.36086744e-09 
 3.30000000e-01  3.30000000e-01  3.30000000e-01  3.29999652e-01  3.30000000e-01 -3.47519349e-09 
 3.40000000e-01  3.40000000e-01  3.40000000e-01  3.39999488e-01  3.40000000e-01 -5.11546722e-09 
 3.50000000e-01  3.50000000e-01  3.50000000e-01  3.49999247e-01  3.50000000e-01 -7.52991707e-09 
 3.60000000e-01  3.60000000e-01  3.60000000e-01  3.59998892e-01  3.60000000e-01 -1.10839123e-08 
 3.70000000e-01  3.70000000e-01  3.70000000e-01  3.69998368e-01  3.70000000e-01 -1.63152258e-08 
 3.80000000e-01  3.80000000e-01  3.80000000e-01  3.79997598e-01  3.80000000e-01 -2.40153497e-08 
 3.90000000e-01  3.90000000e-01  3.90000000e-01  3.89996465e-01  3.90000000e-01 -3.53491204e-08 
 4.00000000e-01  4.00000000e-01  4.00000000e-01  3.99994797e-01  4.00000000e-01 -5.20306571e-08 
 4.10000000e-01  4.10000000e-01  4.10000000e-01  4.09992342e-01  4.10000000e-01 -7.65820138e-08 
 4.20000000e-01  4.20000000e-01  4.20000000e-01  4.19988729e-01  4.20000000e-01 -1.12713206e-07 
 4.30000000e-01  4.30000000e-01  4.30000000e-01  4.29983412e-01  4.30000000e-01 -1.65880070e-07 
 4.40000000e-01  4.40000000e-01  4.40000000e-01  4.39975590e-01  4.40000000e-01 -2.44102117e-07 
 4.50000000e-01  4.50000000e-01  4.50000000e-01  4.49964084e-01  4.50000000e-01 -3.59159228e-07 
 4.60000000e-01  4.60000000e-01  4.60000000e-01  4.59947166e-01  4.60000000e-01 -5.28337741e-07 
 4.70000000e-01  4.70000000e-01  4.70000000e-01  4.69922303e-01  4.70000000e-01 -7.76967463e-07 
 4.80000000e-01  4.80000000e-01  4.80000000e-01  4.79885791e-01  4.80000000e-01 -1.14208501e-06 
 4.90000000e-01  4.90000000e-01  4.90000000e-01  4.89832233e-01  4.90000000e-01 -1.67767481e-06 
 5.00000000e-01  5.00000000e-01  5.00000000e-01  4.99753794e-01  5.00000000e-01 -2.46206414e-06 
 5.10000000e-01  5.10000000e-01  5.10000000e-01  5.09639186e-01  5.10000000e-01 -3.60814181e-06 
 5.20000000e-01  5.20000000e-01  5.20000000e-01  5.19472297e-01  5.20000000e-01 -5.27703418e-06 
 5.30000000e-01  5.30000000e-01  5.30000000e-01  5.29230449e-01  5.30000000e-01 -7.69551082e-06 
 5.40000000e-01  5.40000000e-01  5.40000000e-01  5.38882363e-01  5.40000000e-01 -1.11763730e-05 
 5.50000000e-01  5.50000000e-01  5.50000000e-01  5.48386103e-01  5.50000000e-01 -1.61389720e-05 
 5.60000000e-01  5.60000000e-01  5.60000000e-01  5.57687643e-01  5.60000000e-01 -2.31235738e-05 
 5.70000000e-01  5.70000000e-01  5.70000000e-01  5.66721077e-01  5.70000000e-01 -3.27892311e-05 
 5.80000000e-01  5.80000000e-01  5.80000000e-01  5.75411714e-01  5.80000000e-01 -4.58828556e-05 
 5.90000000e-01  5.90000000e-01  5.90000000e-01  5.83682806e-01  5.90000000e-01 -6.31719382e-05 
 6.00000000e-01  6.00000000e-01  6.00000000e-01  5.91465215e-01  6.00000000e-01 -8.53478452e-05 
 6.10000000e-01  6.10000000e-01  6.10000000e-01  5.98707448e-01  6.10000000e-01 -1.12925522e-04 
 6.20000000e-01  6.20000000e-01  6.20000000e-01  6.05382559e-01  6.20000000e-01 -1.46174414e-04 
 6.30000000e-01  6.30000000e-01  6.30000000e-01  6.11489630e-01  6.30000000e-01 -1.85103699e-04 
 6.40000000e-01  6.40000000e-01  6.40000000e-01  6.17050046e-01  6.40000000e-01 -2.29499536e-04 
 6.50000000e-01  6.50000000e-01  6.50000000e-01  6.22100799e-01  6.50000000e-01 -2.78992013e-04 
 6.60000000e-01  6.60000000e-01  6.60000000e-01  6.26687404e-01  6.60000000e-01 -3.33125961e-04 
 6.70000000e-01  6.70000000e-01  6.70000000e-01  6.30858117e-01  6.70000000e-01 -3.91418825e-04 
 6.80000000e-01  6.80000000e-01  6.80000000e-01  6.34660003e-01  6.80000000e-01 -4.53399971e-04 
 6.90000000e-01  6.90000000e-01  6.90000000e-01  6.38136685e-01  6.90000000e-01 -5.18633151e-04 
 7.00000000e-01  7.00000000e-01  7.00000000e-01  6.41327334e-01  7.00000000e-01 -5.86726660e-04 
 7.10000000e-01  7.10000000e-01  7.10000000e-01  6.44266432e-01  7.10000000e-01 -6.57335677e-04 
 7.20000000e-01  7.20000000e-01  7.20000000e-01  6.46983976e-01  7.20000000e-01 -7.30160235e-04 
 7.30000000e-01  7.30000000e-01  7.30000000e-01  6.49505891e-01  7.30000000e-01 -8.04941095e-04 
 7.40000000e-01  7.40000000e-01  7.40000000e-01  6.51937600e-01  7.40000000e-01 -8.80624001e-04 
 7.50000000e-01  7.50000000e-01  7.50000000e-01  6.54117519e-01  7.50000000e-01 -9.58824815e-04 
 7.60000000e-01  7.60000000e-01  7.60000000e-01  6.56167914e-01  7.60000000e-01 -1.03832086e-03 
 7.70000000e-01  7.70000000e-01  7.70000000e-01  6.58095648e-01  7.70000000e-01 -1.11904352e-03 
 7.80000000e-01  7.80000000e-01  7.80000000e-01  6.59913465e-01  7.80000000e-01 -1.20086535e-03 
 7.90000000e-01  7.90000000e-01  7.90000000e-01  6.61632005e-01  7.90000000e-01 -1.28367995e-03 
 8.00000000e-01  8.00000000e-01  8.00000000e-01  6.63260580e-01  8.00000000e-01 -1.36739420e-03 
 8.10000000e-01  8.10000000e-01  8.10000000e-01  6.64807342e-01  8.10000000e-01 -1.45192658e-03 
 8.20000000e-01  8.20000000e-01  8.20000000e-01  6.66279460e-01  8.20000000e-01 -1.53720540e-03 
 8.30000000e-01  8.30000000e-01  8.30000000e-01  6.67683259e-01  8.30000000e-01 -1.62316741e-03 
 8.40000000e-01  8.40000000e-01  8.40000000e-01  6.69024340e-01  8.40000000e-01 -1.70975660e-03 
 8.50000000e-01  8.50000000e-01  8.50000000e-01  6.70307681e-01  8.50000000e-01 -1.79692319e-03 
 8.60000000e-01  8.60000000e-01  8.60000000e-01  6.71537722e-01  8.60000000e-01 -1.88462278e-03 
 8.70000000e-01  8.70000000e-01  8.70000000e-01  6.72718435e-01  8.70000000e-01 -1.97281565e-03 
 8.80000000e-01  8.80000000e-01  8.80000000e-01  6.73853384e-01  8.80000000e-01 -2.06146616e-03 
 8.90000000e-01  8.90000000e-01  8.90000000e-01  6.74945779e-01  8.90000000e-01 -2.15054221e-03 
 9.00000000e-01  9.00000000e-01  9.00000000e-01  6.75998519e-01  9.00000000e-01 -2.24001481e-03 
 9.10000000e-01  9.10000000e-01  9.10000000e-01  6.77014226e-01  9.10000000e-01 -2.32985774e-03 
 9.20000000e-01  9.20000000e-01  9.20000000e-01  6.77995283e-01  9.20000000e-01 -2.42004717e-03 
 9.30000000e-01  9.30000000e-01  9.30000000e-01  6.78943859e-01  9.30000000e-01 -2.51056141e-03 
 9.40000000e-01  9.40000000e-01  9.40000000e-01  6.79861931e-01  9.40000000e-01 -2.60138069e-03 
 9.50000000e-01  9.50000000e-01  9.50000000e-01  6.80751309e-01  9.50000000e-01 -2.69248691e-03 
 9.60000000e-01  9.60000000e-01  9.60000000e-01  6.81613650e-01  9.60000000e-01 -2.78386350e-03 
 9.70000000e-01  9.70000000e-01  9.70000000e-01  6.82450480e-01  9.70000000e-01 -2.87549520e-03 
 9.80000000e-01  9.80000000e-01  9.80000000e-01  6.83263198e-01  9.80000000e-01 -2.96736802e-03 
 9.90000000e-01  9.90000000e-01  9.90000000e-01  6.84053100e-01  9.90000000e-01 -3.05946900e-03 
 1.00000000e+00  1.00000000e+00  1.00000000e+00  6.84821379e-01  1.00000000e+00 -3.15178621e-03 
 1.01000000e+00  1.01000000e+00  1.01000000e+00  6.85569143e-01  1.01000000e+00 -3.24430857e-03 
 1.02000000e+00  1.02000000e+00  1.02000000e+00  6.86297416e-01  1.02000000e+00 -3.33702584e-03 
 1.03000000e+00  1.03000000e+00  1.03000000e+00  6.87007152e-01  1.03000000e+00 -3.42992848e-03 
 1.04000000e+00  1.04000000e+00  1.04000000e+00  6.87699236e-01  1.04000000e+00 -3.52300764e-03 
 1.05000000e+00  1.05000000e+00  1.05000000e+00  6.88374496e-01  1.05000000e+00 -3.61625504e-03 
 1.06000000e+00  1.06000000e+00  1.06000000e+00  6.89033701e-01  1.06000000e+00 -3.70966299e-03 
 1.07000000e+00  1.07000000e+00  1.07000000e+00  6.89677572e-01  1.07000000e+00 -3.80322428e-03 
 1.08000000e+00  1.08000000e+00  1.08000000e+00  6.90306783e-01  1.08000000e+00 -3.89693217e-03 
 1.09000000e+00  1.09000000e+00  1.09000000e+00  6.90921965e-01  1.09000000e+00 -3.99078035e-03 
 1.10000000e+00  1.10000000e+00  1.10000000e+00  6.91523711e-01  1.10000000e+00 -4.08476289e-03 
 1.11000000e+00  1.11000000e+00  1.11000000e+00  6.92112578e-01  1.11000000e+00 -4.17887422e-03 
 1.12000000e+00  1.12000000e+00  1.12000000e+00  6.92689089e-01  1.12000000e+00 -4.27310911e-03 
 1.13000000e+00  1.13000000e+00  1.13000000e+00  6.93253736e-01  1.13000000e+00 -4.36746264e-03 
 1.14000000e+00  1.14000000e+00  1.14000000e+00  6.93806984e-01  1.14000000e+00 -4.46193016e-03 
 1.15000000e+00  1.15000000e+00  1.15000000e+00  6.94349272e-01  1.15000000e+00 -4.55650728e-03 
 1.16000000e+00  1.16000000e+00  1.16000000e+00  6.94881014e-01  1.16000000e+00 -4.65118986e-03 
 1.17000000e+00  1.17000000e+00  1.17000000e+00  6.95402600e-01  1.17000000e+00 -4.74597400e-03 
 1.18000000e+00  1.18000000e+00  1.18000000e+00  6.95914401e-01  1.18000000e+00 -4.84085599e-03 
 1.19000000e+00  1.19000000e+00  1.19000000e+00  6.96416769e-01  1.19000000e+00 -4.93583231e-03 
 1.20000000e+00  1.20000000e+00  1.20000000e+00  6.96910035e-01  1.20000000e+00 -5.03089965e-03 
 1.21000000e+00  1.21000000e+00  1.21000000e+00  6.97394516e-01  1.21000000e+00 -5.12605484e-03 
 1.22000000e+00  1.22000000e+00  1.22000000e+00  6.97870512e-01  1.22000000e+00 -5.22129488e-03 
 1.23000000e+00  1.23000000e+00  1.23000000e+00  6.98338307e-01  1.23000000e+00 -5.31661693e-03 
 1.24000000e+00  1.24000000e+00  1.24000000e+00  6.98798172e-01  1.24000000e+00 -5.41201828e-03 
 1.25000000e+00  1.25000000e+00  1.25000000e+00  6.99250366e-01  1.25000000e+00 -5.50749634e-03 
 1.26000000e+00  1.26000000e+00  1.26000000e+00  6.99695135e-01  1.26000000e+00 -5.60304865e-03 
 1.27000000e+00  1.27000000e+00  1.27000000e+00  7.00132713e-01  1.27000000e+00 -5.69867287e-03 
 1.28000000e+00  1.28000000e+00  1.28000000e+00  7.00563323e-01  1.28000000e+00 -5.79436677e-03 
 1.29000000e+00  1.29000000e+00  1.29000000e+00  7.00987180e-01  1.29000000e+00 -5.89012820e-03 
 1.30000000e+00  1.30000000e+00  1.30000000e+00  7.01404487e-01  1.30000000e+00 -5.98595513e-03 
 1.31000000e+00  1.31000000e+00  1.31000000e+00  7.01815440e-01  1.31000000e+00 -6.08184560e-03 
 1.32000000e+00  1.32000000e+00  1.32000000e+00  7.02220225e-01  1.32000000e+00 -6.17779775e-03 
 1.33000000e+00  1.33000000e+00  1.33000000e+00  7.02619020e-01  1.33000000e+00 -6.27380980e-03 
 1.34000000e+00  1.34000000e+00  1.34000000e+00  7.03011998e-01  1.34000000e+00 -6.36988002e-03 
 1.35000000e+00  1.35000000e+00  1.35000000e+00  7.03399321e-01  1.35000000e+00 -6.46600679e-03 
 1.36000000e+00  1.36000000e+00  1.36000000e+00  7.03781147e-01  1.36000000e+00 -6.56218853e-03 
 1.37000000e+00  1.37000000e+00  1.37000000e+00  7.04157627e-01  1.37000000e+00 -6.65842373e-03 
 1.38000000e+00  1.38000000e+00  1.38000000e+00  7.04528906e-01  1.38000000e+00 -6.75471094e-03 
 1.39000000e+00  1.39000000e+00  1.39000000e+00  7.04895123e-01  1.39000000e+00 -6.85104877e-03 
 1.40000000e+00  1.40000000e+00  1.40000000e+00  7.05256411e-01  1.40000000e+00 -6.94743589e-03 
 1.41000000e+00  1.41000000e+00  1.41000000e+00  7.05612899e-01  1.41000000e+00 -7.04387101e-03 
 1.42000000e+00  1.42000000e+00  1.42000000e+00  7.05964711e-01  1.42000000e+00 -7.14035289e-03 
 1.43000000e+00  1.43000000e+00  1.43000000e+00  7.06311965e-01  1.43000000e+00 -7.23688035e-03 
 1.44000000e+00  1.44000000e+00  1.44000000e+00  7.06654776e-01  1.44000000e+00 -7.33345224e-03 
 1.45000000e+00  1.45000000e+00  1.45000000e+00  7.06993254e-01  1.45000000e+00 -7.43006746e-03 
 1.46000000e+00  1.46000000e+00  1.46000000e+00  7.07327506e-01  1.46000000e+00 -7.52672494e-03 
 1.47000000e+00  1.47000000e+00  1.47000000e+00  7.07657634e-01  1.47000000e+00 -7.62342366e-03 
 1.48000000e+00  1.48000000e+00  1.48000000e+00  7.07983736e-01  1.48000000e+00 -7.72016264e-03 
 1.49000000e+00  1.49000000e+00  1.49000000e+00  7.08305909e-01  1.49000000e+00 -7.81694091e-03 
 1.50000000e+00  1.50000000e+00  1.50000000e+00  7.08624244e-01  1.50000000e+00 -7.91375756e-03 
 1.51000000e+00  1.51000000e+00  1.51000000e+00  7.08938831e-01  1.51000000e+00 -8.01061169e-03 
 1.52000000e+00  1.52000000e+00  1.52000000e+00  7.09249754e-01  1.52000000e+00 -8.10750246e-03 
 1.53000000e+00  1.53000000e+00  1.53000000e+00  7.09557098e-01  1.53000000e+00 -8.20442902e-03 
 1.54000000e+00  1.54000000e+00  1.54000000e+00  7.09860941e-01  1.54000000e+00 -8.30139059e-03 
 1.55000000e+00  1.55000000e+00  1.55000000e+00  7.10161363e-01  1.55000000e+00 -8.39838637e-03 
 1.56000000e+00  1.56000000e+00  1.56000000e+00  7.10458438e-01  1.56000000e+00 -8.49541562e-03 
 1.57000000e+00  1.57000000e+00  1.57000000e+00  7.10752238e-01  1.57000000e+00 -8.59247762e-03 
 1.58000000e+00  1.58000000e+00  1.58000000e+00  7.11042834e-01  1.58000000e+00 -8.68957166e-03 
 1.59000000e+00  1.59000000e+00  1.59000000e+00  7.11330294e-01  1.59000000e+00 -8.78669706e-03 
 1.60000000e+00  1.60000000e+00  1.60000000e+00  7.11614684e-01  1.60000000e+00 -8.88385316e-03 
 1.61000000e+00  1.61000000e+00  1.61000000e+00  7.11896068e-01  1.61000000e+00 -8.98103932e-03 
 1.62000000e+00  1.62000000e+00  1.62000000e+00  7.12174507e-01  1.62000000e+00 -9.07825493e-03 
 1.63000000e+00  1.63000000e+00  1.63000000e+00  7.12450063e-01  1.63000000e+00 -9.17549937e-03 
 1.64000000e+00  1.64000000e+00  1.64000000e+00  7.12722794e-01  1.64000000e+00 -9.27277206e-03 
 1.65000000e+00  1.65000000e+00  1.65000000e+00  7.12992755e-01  1.65000000e+00 -9.37007245e-03 
 1.66000000e+00  1.66000000e+00  1.66000000e+00  7.13260002e-01  1.66000000e+00 -9.46739998e-03 
 1.67000000e+00  1.67000000e+00  1.67000000e+00  7.13524588e-01  1.67000000e+00 -9.56475412e-03 
 1.68000000e+00  1.68000000e+00  1.68000000e+00  7.13786565e-01  1.68000000e+00 -9.66213435e-03 
 1.69000000e+00  1.69000000e+00  1.69000000e+00  7.14045983e-01  1.69000000e+00 -9.75954017e-03 
 1.70000000e+00  1.70000000e+00  1.70000000e+00  7.14302891e-01  1.70000000e+00 -9.85697109e-03 
 1.71000000e+00  1.71000000e+00  1.71000000e+00  7.14557337e-01  1.71000000e+00 -9.95442663e-03 
 1.72000000e+00  1.72000000e+00  1.72000000e+00  7.14809366e-01  1.72000000e+00 -1.00519063e-02 
 1.73000000e+00  1.73000000e+00  1.73000000e+00  7.15059024e-01  1.73000000e+00 -1.01494098e-02 
 1.74000000e+00  1.74000000e+00  1.74000000e+00  7.15306354e-01  1.74000000e+00 -1.02469365e-02 
 1.75000000e+00  1.75000000e+00  1.75000000e+00  7.15551398e-01  1.75000000e+00 -1.03444860e-02 
 1.76000000e+00  1.76000000e+00  1.76000000e+00  7.15794199e-01  1.76000000e+00 -1.04420580e-02 
 1.77000000e+00  1.77000000e+00  1.77000000e+00  7.16034796e-01  1.77000000e+00 -1.05396520e-02 
 1.78000000e+00  1.78000000e+00  1.78000000e+00  7.16273228e-01  1.78000000e+00 -1.06372677e-02 
 1.79000000e+00  1.79000000e+00  1.79000000e+00  7.16509534e-01  1.79000000e+00 -1.07349047e-02 
 1.80000000e+00  1.80000000e+00  1.80000000e+00  7.16743750e-01  1.80000000e+00 -1.08325625e-02 
 1.81000000e+00  1.81000000e+00  1.81000000e+00  7.16975913e-01  1.81000000e+00 -1.09302409e-02 
 1.82000000e+00  1.82000000e+00  1.82000000e+00  7.17206058e-01  1.82000000e+00 -1.10279394e-02 
 1.83000000e+00  1.83000000e+00  1.83000000e+00  7.17434220e-01  1.83000000e+00 -1.11256578e-02 
 1.84000000e+00  1.84000000e+00  1.84000000e+00  7.17660432e-01  1.84000000e+00 -1.12233957e-02 
 1.85000000e+00  1.85000000e+00  1.85000000e+00  7.17884726e-01  1.85000000e+00 -1.13211527e-02 
 1.86000000e+00  1.86000000e+00  1.86000000e+00  7.18107135e-01  1.86000000e+00 -1.14189286e-02 
 1.87000000e+00  1.87000000e+00  1.87000000e+00  7.18327690e-01  1.87000000e+00 -1.15167231e-02 
 1.88000000e+00  1.88000000e+00  1.88000000e+00  7.18546420e-01  1.88000000e+00 -1.16145358e-02 
 1.89000000e+00  1.89000000e+00  1.89000000e+00  7.18763356e-01  1.89000000e+00 -1.17123664e-02 
 1.90000000e+00  1.90000000e+00  1.90000000e+00  7.18978527e-01  1.90000000e+00 -1.18102147e-02 
 1.91000000e+00  1.91000000e+00  1.91000000e+00  7.19191960e-01  1.91000000e+00 -1.19080804e-02 
 1.92000000e+00  1.92000000e+00  1.92000000e+00  7.19403683e-01  1.92000000e+00 -1.20059632e-02 
 1.93000000e+00  1.93000000e+00  1.93000000e+00  7.19613723e-01  1.93000000e+00 -1.21038628e-02 
 1.94000000e+00  1.94000000e+00  1.94000000e+00  7.19822106e-01  1.94000000e+00 -1.22017789e-02 
 1.95000000e+00  1.95000000e+00  1.95000000e+00  7.20028859e-01  1.95000000e+00 -1.22997114e-02 
 1.96000000e+00  1.96000000e+00  1.96000000e+00  7.20234005e-01  1.96000000e+00 -1.23976600e-02 
 1.97000000e+00  1.97000000e+00  1.97000000e+00  7.20437570e-01  1.97000000e+00 -1.24956243e-02 
 1.98000000e+00  1.98000000e+00  1.98000000e+00  7.20639577e-01  1.98000000e+00 -1.25936042e-02 
 1.99000000e+00  1.99000000e+00  1.99000000e+00  7.20840050e-01  1.99000000e+00 -1.26915995e-02 
 2.00000000e+00  2.00000000e+00  2.00000000e+00  7.21039012e-01  2.00000000e+00 -1.27896099e-02 
