 0.00000000e+00  0.00000000e+00  0.00000000e+00  0.00000000e+00 
 1.00000000e-02  1.00000000e-02  1.00000000e-02 -3.86623998e-15 
 2.00000000e-02  2.00000000e-02  2.00000000e-02 -1.04111456e-14 
 3.00000000e-02  3.00000000e-02  3.00000000e-02 -2.00452658e-14 
 4.00000000e-02  4.00000000e-02  4.00000000e-02 -3.42267187e-14 
 5.00000000e-02  5.00000000e-02  5.00000000e-02 -5.51018587e-14 
 6.00000000e-02  6.00000000e-02  6.00000000e-02 -8.58301255e-14 
 7.00000000e-02  7.00000000e-02  7.00000000e-02 -1.31062224e-13 
 8.00000000e-02  8.00000000e-02  8.00000000e-02 -1.97644004e-13 
 9.00000000e-02  9.00000000e-02  9.00000000e-02 -2.95652578e-13 
 1.00000000e-01  1.00000000e-01  1.00000000e-01 -4.39921485e-13 
 1.10000000e-01  1.10000000e-01  1.10000000e-01 -6.52285736e-13 
 1.20000000e-01  1.20000000e-01  1.20000000e-01 -9.64886532e-13 
 1.30000000e-01  1.30000000e-01  1.30000000e-01 -1.42503581e-12 
 1.40000000e-01  1.40000000e-01  1.40000000e-01 -2.10237689e-12 
 1.50000000e-01  1.50000000e-01  1.50000000e-01 -3.09942494e-12 
 1.60000000e-01  1.60000000e-01  1.60000000e-01 -4.56708256e-12 
 1.70000000e-01  1.70000000e-01  1.70000000e-01 -6.72747886e-12 
 1.80000000e-01  1.80000000e-01  1.80000000e-01 -9.90758849e-12 
 1.90000000e-01  1.90000000e-01  1.90000000e-01 -1.45887191e-11 
 2.00000000e-01  2.00000000e-01  2.00000000e-01 -2.28025261e-11 
 2.10000000e-01  2.10000000e-01  2.10000000e-01 -3.35701048e-11 
 2.20000000e-01  2.20000000e-01  2.20000000e-01 -4.94200121e-11 
 2.30000000e-01  2.30000000e-01  2.30000000e-01 -7.27511217e-11 
 2.40000000e-01  2.40000000e-01  2.40000000e-01 -1.07094583e-10 
 2.50000000e-01  2.50000000e-01  2.50000000e-01 -1.57648258e-10 
 2.60000000e-01  2.60000000e-01  2.60000000e-01 -2.32063415e-10 
 2.70000000e-01  2.70000000e-01  2.70000000e-01 -3.41602742e-10 
 2.80000000e-01  2.80000000e-01  2.80000000e-01 -5.02844951e-10 
 2.90000000e-01  2.90000000e-01  2.90000000e-01 -7.40193952e-10 
 3.00000000e-01  3.00000000e-01  3.00000000e-01 -1.08957237e-09 
 3.10000000e-01  3.10000000e-01  3.10000000e-01 -1.60385842e-09 
 3.20000000e-01  3.20000000e-01  3.20000000e-01 -2.36088899e-09 
 3.30000000e-01  3.30000000e-01  3.30000000e-01 -3.47524019e-09 
 3.40000000e-01  3.40000000e-01  3.40000000e-01 -5.11556839e-09 
 3.50000000e-01  3.50000000e-01  3.50000000e-01 -7.53013628e-09 
 3.60000000e-01  3.60000000e-01  3.60000000e-01 -1.10843873e-08 
 3.70000000e-01  3.70000000e-01  3.70000000e-01 -1.63162550e-08 
 3.80000000e-01  3.80000000e-01  3.80000000e-01 -2.40175796e-08 
 3.90000000e-01  3.90000000e-01  3.90000000e-01 -3.53539518e-08 
 4.00000000e-01  4.00000000e-01  4.00000000e-01 -5.20411248e-08 
 4.10000000e-01  4.10000000e-01  4.10000000e-01 -7.66046919e-08 
 4.20000000e-01  4.20000000e-01  4.20000000e-01 -1.12762334e-07 
 4.30000000e-01  4.30000000e-01  4.30000000e-01 -1.65986489e-07 
 4.40000000e-01  4.40000000e-01  4.40000000e-01 -2.44332600e-07 
 4.50000000e-01  4.50000000e-01  4.50000000e-01 -3.59658303e-07 
 4.60000000e-01  4.60000000e-01  4.60000000e-01 -5.29418073e-07 
 4.70000000e-01  4.70000000e-01  4.70000000e-01 -7.79304950e-07 
 4.80000000e-01  4.80000000e-01  4.80000000e-01 -1.14713916e-06 
 4.90000000e-01  4.90000000e-01  4.90000000e-01 -1.68859219e-06 
 5.00000000e-01  5.00000000e-01  5.00000000e-01 -2.48561262e-06 
 5.10000000e-01  5.10000000e-01  5.10000000e-01 -3.65882902e-06 
 5.20000000e-01  5.20000000e-01  5.20000000e-01 -5.38580697e-06 
 5.30000000e-01  5.30000000e-01  5.30000000e-01 -7.92792355e-06 
 5.40000000e-01  5.40000000e-01  5.40000000e-01 -1.16699265e-05 
 5.50000000e-01  5.50000000e-01  5.50000000e-01 -1.71781659e-05 
 5.60000000e-01  5.60000000e-01  5.60000000e-01 -2.52863102e-05 
 5.70000000e-01  5.70000000e-01  5.70000000e-01 -3.72215222e-05 
 5.80000000e-01  5.80000000e-01  5.80000000e-01 -5.47901890e-05 
 5.90000000e-01  5.90000000e-01  5.90000000e-01 -8.06513177e-05 
 6.00000000e-01  6.00000000e-01  6.00000000e-01 -1.18718975e-04 
 6.10000000e-01  6.10000000e-01  6.10000000e-01 -1.74754676e-04 
 6.20000000e-01  6.20000000e-01  6.20000000e-01 -2.57239392e-04 
 6.30000000e-01  6.30000000e-01  6.30000000e-01 -3.78657134e-04 
 6.40000000e-01  6.40000000e-01  6.40000000e-01 -5.57384404e-04 
 6.50000000e-01  6.50000000e-01  6.50000000e-01 -8.20471465e-04 
 6.60000000e-01  6.60000000e-01  6.60000000e-01 -1.20773638e-03 
 6.70000000e-01  6.70000000e-01  6.70000000e-01 -1.77779147e-03 
 6.80000000e-01  6.80000000e-01  6.80000000e-01 -2.61691423e-03 
 6.90000000e-01  6.90000000e-01  6.90000000e-01 -3.85210536e-03 
 7.00000000e-01  7.00000000e-01  7.00000000e-01 -5.67031030e-03 
 7.10000000e-01  7.10000000e-01  7.10000000e-01 -8.34671328e-03 
 7.20000000e-01  7.20000000e-01  7.20000000e-01 -1.22863862e-02 
 7.30000000e-01  7.30000000e-01  7.30000000e-01 -1.80855963e-02 
 7.40000000e-01  7.40000000e-01  7.40000000e-01 -2.66220504e-02 
 7.50000000e-01  7.50000000e-01  7.50000000e-01 -3.91877357e-02 
 7.60000000e-01  7.60000000e-01  7.60000000e-01 -5.76844611e-02 
 7.70000000e-01  7.70000000e-01  7.70000000e-01 -8.49116947e-02 
 7.80000000e-01  7.80000000e-01  7.80000000e-01 -1.24990262e-01 
 7.90000000e-01  7.90000000e-01  7.90000000e-01 -1.83986029e-01 
 8.00000000e-01  8.00000000e-01  8.00000000e-01 -2.70827971e-01 
 8.10000000e-01  8.10000000e-01  8.10000000e-01 -3.98659561e-01 
 8.20000000e-01  8.20000000e-01  8.20000000e-01 -5.86828035e-01 
 8.30000000e-01  8.30000000e-01  8.30000000e-01 -8.63812576e-01 
 8.40000000e-01  8.40000000e-01  8.40000000e-01 -1.27153463e+00 
 8.50000000e-01  8.50000000e-01  8.50000000e-01 -1.87170267e+00 
 8.60000000e-01  8.60000000e-01  8.60000000e-01 -2.75515178e+00 
 8.70000000e-01  8.70000000e-01  8.70000000e-01 -4.05559144e+00 
 8.80000000e-01  8.80000000e-01  8.80000000e-01 -5.96984241e+00 
 8.90000000e-01  8.90000000e-01  8.90000000e-01 -8.78762541e+00 
 9.00000000e-01  9.00000000e-01  9.00000000e-01 -1.29354102e+01 
 9.10000000e-01  9.10000000e-01  9.10000000e-01 -1.90409615e+01 
 9.20000000e-01  9.20000000e-01  9.20000000e-01 -2.80283507e+01 
 9.30000000e-01  9.30000000e-01  9.30000000e-01 -4.12578138e+01 
 9.40000000e-01  9.40000000e-01  9.40000000e-01 -6.07316221e+01 
 9.50000000e-01  9.50000000e-01  9.50000000e-01 -8.93971245e+01 
 9.60000000e-01  9.60000000e-01  9.60000000e-01 -1.31592828e+02 
 9.70000000e-01  9.70000000e-01  9.70000000e-01 -1.93705025e+02 
 9.80000000e-01  9.80000000e-01  9.80000000e-01 -2.85134361e+02 
 9.90000000e-01  9.90000000e-01  9.90000000e-01 -4.19718610e+02 
 1.00000000e+00  1.00000000e+00  1.00000000e+00 -6.17827015e+02 
